47909
55619
28657
22791
56861
41074
14777
1079
33642
13885
15305
40354
63455
62771
48073
28050
12013
65127
14249
22359
26286
6630
6120
42508
29852
54441
53681
33608
60820
34344
43270
59395
32214
46251
50488
7972
2466
38600
36431
41184
8854
55010
49073
1004
8623
60032
26331
32795
49098
12272
15179
27520
24361
2225
43648
49581
48602
33466
22231
4810
27518
3756
5611
49094
58002
47346
6610
41074
26378
24663
31599
45570
63220
14858
57989
13949
28563
24909
19761
25185
7832
17580
45974
56118
62904
3004
24735
35515
31659
58180
46477
46139
61925
53918
48722
32648
24504
61504
34835
58539
49841
40221
52432
50974
22203
49910
60927
15790
8117
53548
51160
16072
53042
35434
63095
55013
5432
21425
16660
31069
65328
3935
1190
4731
28243
7373
23151
5423
60321
37740
65249
34528
19547
32537
34148
57724
9285
50943
32059
50791
60338
35037
54793
52673
56335
23686
1742
855
48983
63143
25504
51092
33513
37680
19539
7456
7633
1727
50173
56794
60188
12273
54717
47556
45896
7517
27143
14987
20936
49092
51191
44205
52726
37281
37657
50788
22326
43608
16128
4729
25393
11186
31265
37914
4337
37022
14324
14203
23746
54403
47781
33539
58599
44768
11725
38123
22355
47136
10530
58185
51726
32350
23267
61210
31763
41864
59744
18452
57403
40614
2169
58646
35044
46962
14010
7748
3635
8962
29917
4243
27582
41347
9578
4256
31277
48336
40938
11019
3849
28115
40797
48285
15925
57236
48363
35686
5661
43722
549
48420
44857
59413
8253
46495
21042
2474
3839
39656
60074
33754
15907
42030
43372
56917
20751
50247
9208
4818
47011
59711
708
57646
47427
18625
22628
33033
33149
50150
35587
24083
62085
46707
42190
8862
59502
52202
20502
35789
56351
8761
30359
28795
38240
58578
49500
8079
43910
5454
13749
8292
47951
48969
7366
20550
29168
54685
54149
63342
18392
19982
12781
26070
9567
16406
57105
57854
18133
14837
11615
41110
55307
13998
23742
20674
43144
36545
20447
48537
31830
30188
42148
38493
16656
37076
36434
40093
28344
32814
63489
1466
10064
59891
6285
38050
575
12019
21389
56616
36978
8617
44617
54418
30629
25826
16797
40647
58535
41988
31459
50556
6666
19808
5211
21224
4321
28599
59845
50228
47057
37094
64890
21844
2208
58063
34436
45168
20805
59238
60988
47799
511
921
34073
49084
41445
31862
1960
3985
13746
4454
65487
47800
7314
43789
43065
11886
54176
7987
20914
19357
3585
45325
53637
12107
27690
63614
13746
19706
56337
7395
46468
65119
17789
38600
31671
6148
50181
57842
47232
64706
62290
64632
13910
43537
3257
12959
6628
10636
3860
24634
15611
6417
23876
31013
50017
46724
7500
12809
49048
14088
52142
2711
29482
38756
33982
43367
29253
29929
17070
31147
37683
36687
64168
14996
34907
3431
4229
49453
38081
31750
61180
34479
20459
16506
52342
55371
38069
8944
21153
6428
49069
61634
17274
42252
25169
36869
35057
35482
45757
17419
51229
43935
49007
11055
29979
28894
57025
133
5284
19291
54897
1205
23320
55207
51791
16525
59903
54425
28489
32185
47951
56978
10937
48905
47376
17608
25203
24051
26408
32057
6536
28342
61262
92
9667
39951
52261
23881
33611
18160
62170
29820
5189
39547
55856
12461
2707
12502
30078
9353
16316
24186
63824
59381
23346
51136
35124
18929
12124
21439
14821
45969
37658
12410
52266
55008
60625
33538
18964
51346
63351
41664
5477
24241
9664
48697
49697
30721
42457
24782
18030
8532
62790
10602
2239
17913
21136
49443
18874
14576
7714
45904
26529
21543
28297
40638
53421
45946
7056
34098
59357
41291
16465
64619
5995
13330
29707
11704
13542
21982
38165
59370
53206
37466
9834
20118
5148
37897
44974
45592
22643
53265
57118
57684
63066
1915
1324
24909
36625
42925
57472
48024
51171
49107
10070
56218
57953
59592
11887
55205
27296
46776
63267
42674
49390
53627
39603
2571
13725
49344
55839
17283
10006
38435
50410
14769
27674
36551
14127
7147
55544
21269
65000
58277
56765
54115
61511
45311
51322
46643
17364
45179
51365
38530
59369
14539
17100
51330
14706
9486
42353
16240
57993
8851
50216
25122
4185
1268
48259
58310
15667
2278
48023
64836
56077
53500
17159
63495
1030
28957
7178
53006
41270
59513
17796
38125
60520
22544
21263
18307
56688
14411
54543
8865
38913
62488
8426
23502
49519
3788
50007
24943
20196
17577
55519
18596
47726
40992
47399
30116
4209
36
50166
52365
13601
662
39446
53929
29660
12450
48005
13371
36271
61192
63359
40854
21091
22741
37950
62807
27999
23920
52227
30142
40594
19023
40358
65120
38140
10789
55319
10233
7479
61119
19740
21632
14379
19564
49022
38827
60884
9720
9943
4725
39712
52054
30372
31435
61868
33489
6807
24055
39297
35357
42537
23665
10705
8498
54484
29502
6745
14695
27188
4004
5563
2021
63674
30839
14959
14128
14911
17005
62794
35060
53813
25964
9056
60229
54658
56701
37460
56231
53980
60828
6990
14974
50986
25294
57100
47997
6027
1411
22026
65334
29952
35869
18403
12204
18398
19938
30211
4516
45629
48
4291
48882
23548
27179
30831
20244
32656
5157
30380
15324
14425
2433
64860
15141
63664
13407
38947
1475
39503
13275
31159
19084
28405
48833
22524
4890
33738
16179
59000
41733
22473
52795
34657
23003
12133
43762
60779
8292
1274
46591
42288
13102
39332
472
26962
47864
5176
45245
27140
10123
55092
52528
19556
65470
8775
38603
10636
10490
50019
38403
42319
9985
38318
17444
51972
41275
3370
60307
34891
31337
17392
46474
48105
57833
19593
26727
5866
10151
19357
51784
51525
29925
38152
47511
48810
20781
48307
1630
15667
33708
60823
48686
2933
10917
36919
42763
63328
3149
12594
61146
6296
13086
65263
55819
30914
58164
7923
24621
49125
11036
32414
60914
960
37117
52087
56362
9201
14584
35912
57474
895
62452
14537
49661
6077
51794
61758
50657
58904
11534
38206
38124
13096
9590
24584
8717
30435
51303
34009
26112
6405
18925
7534
29690
36647
16809
58428
36336
37035
46002
59694
57382
42185
64724
42812
32575
39513
53425
33072
7845
22487
35923
53388
53926
37591
31884
59696
36583
41230
42334
802
4660
53259
41678
6201
39347
44199
29695
55623
12729
56715
15373
52342
22566
48656
6228
122
5491
42328
13983
3356
52396
45678
63193
5257
519
